0.000000 -2.242962 -5.788541
0.000000 -3.942493 -6.526879
0.000000 -4.387511 -5.062824
0.000000 -3.622292 -5.979988
0.000000 -3.238115 -6.515914
0.000000 -3.459202 -6.221136
0.000000 -6.116288 -6.770991
0.000000 -3.119587 -6.946660
0.000000 -3.701009 -6.594873
0.000000 -4.833773 -5.555301
0.000000 -2.825265 -6.926287
0.000000 -3.674463 -4.910603
0.000000 -4.651891 -6.714506
0.000000 -4.706771 -6.367575
0.000000 -3.343718 -6.695723
0.000000 -4.521269 -4.893040
0.000000 -4.680856 -4.981336
0.000000 -3.160422 -6.313633
0.000000 -4.303413 -6.723604
0.000000 -3.315162 -6.602250
0.000000 -3.360950 -5.857772
0.000000 -2.711527 -4.845600
0.000000 -4.510560 -5.892603
0.000000 -3.914670 -5.616390
0.000000 -3.805818 -8.175089
0.000000 -5.238153 -7.033948
0.000000 -3.965463 -7.437981
0.000000 -5.347082 -6.736730
0.000000 -2.891003 -4.263847
0.000000 -5.278985 -5.526314
0.000000 -2.681789 -5.338937
0.000000 -3.432913 -5.933126
0.000000 -4.091741 -5.672430
0.000000 -3.287819 -5.276810
1.000000 -0.048676 0.145365
1.000000 -0.462985 0.256934
1.000000 1.927077 1.593044
1.000000 0.563612 -0.719392
1.000000 -0.666263 0.641234
1.000000 1.454623 -0.532022
1.000000 0.157320 -1.293701
1.000000 0.849422 -1.837322
1.000000 0.768115 -0.651776
1.000000 -1.098135 0.532486
1.000000 0.674189 -0.199773
1.000000 0.664665 0.641717
1.000000 0.501129 -2.045035
1.000000 0.434244 -0.951737
1.000000 0.296850 1.795018
1.000000 -0.728448 -1.477132
1.000000 0.111870 -1.716834
1.000000 -0.559376 0.221022
-1.000000 1.013300 1.058439
1.000000 -0.728264 1.478123
1.000000 0.825801 0.194258
1.000000 0.899297 -0.935304
1.000000 0.912168 -0.474525
1.000000 1.708705 -0.291660
1.000000 -0.174770 -1.430974
-1.000000 0.172581 -1.328597
-1.000000 -0.530108 -0.588410
1.000000 0.711427 -1.006299
1.000000 0.211155 -1.847022
1.000000 -0.153123 -1.331072
1.000000 0.029813 -0.903261
1.000000 0.995725 -0.323382
1.000000 1.426063 -0.256139
2.000000 -5.190747 -2.639043
2.000000 -6.168877 -2.732948
2.000000 -6.516136 -2.553441
2.000000 -7.578053 -4.657571
2.000000 -5.497939 -3.553220
2.000000 -6.965137 -1.594447
2.000000 -5.142399 -1.953190
2.000000 -6.674431 -4.017674
2.000000 -6.747650 -2.339900
2.000000 -7.417413 -2.992134
2.000000 -7.350150 -3.971551
2.000000 -7.118949 -3.281790
2.000000 -8.045738 -2.552434
2.000000 -8.026714 -1.977291
2.000000 -5.382190 -1.870562
2.000000 -6.636541 -2.881866
2.000000 -7.310556 -3.434596
2.000000 -7.243586 -4.353362
-1.000000 -7.704943 -3.813888
-1.000000 -6.861197 -4.277896
2.000000 -6.419073 -4.151390
2.000000 -6.357070 -3.653866
2.000000 -6.664352 -1.481112
2.000000 -8.616363 -3.240457
2.000000 -4.361707 -2.998490
2.000000 -8.226958 -2.586603
2.000000 -7.735043 -3.095882
2.000000 -5.389743 -3.370762
2.000000 -5.748726 -1.537162
-1.000000 -7.514266 -2.972986
2.000000 -6.787513 -2.301626
2.000000 -5.058957 -2.863944
2.000000 -5.268087 -2.108196
