-1.000000 0.986183 -0.110410
-1.000000 1.009577 -0.055180
-1.000000 1.073983 0.086554
0.000000 1.054400 0.071809
-1.000000 0.986797 0.079353
0.000000 1.157500 0.157861
0.000000 0.913355 -0.048147
-1.000000 0.983177 0.215459
0.000000 1.134375 0.160321
-1.000000 0.940397 0.313936
-1.000000 1.089157 0.245118
-1.000000 1.144547 0.235344
-1.000000 0.962037 0.370097
-1.000000 1.053258 0.263434
-1.000000 1.044121 0.317076
-1.000000 0.868208 0.228389
-1.000000 0.950324 0.304719
-1.000000 0.889185 0.363994
0.000000 1.004532 0.317930
-1.000000 0.907716 0.437130
-1.000000 0.941530 0.376737
-1.000000 0.986414 0.476035
0.000000 0.871537 0.484228
0.000000 0.939202 0.540305
-1.000000 1.018135 0.451344
-1.000000 0.869181 0.473763
-1.000000 0.910227 0.476591
-1.000000 0.939022 0.625969
-1.000000 0.875380 0.546365
-1.000000 0.956860 0.599842
0.000000 0.937306 0.642814
0.000000 0.820602 0.620593
-1.000000 0.725435 0.570925
-1.000000 0.855433 0.580623
-1.000000 0.826165 0.688670
-1.000000 0.709174 0.490765
-1.000000 0.778044 0.731248
-1.000000 0.644603 0.504047
-1.000000 0.713102 0.810685
-1.000000 0.691682 0.656495
-1.000000 0.687249 0.678712
-1.000000 0.556050 0.766839
-1.000000 0.692105 0.725425
-1.000000 0.632908 0.824971
-1.000000 0.520562 0.839300
-1.000000 0.527116 0.925265
-1.000000 0.676859 0.767301
-1.000000 0.561154 0.782239
-1.000000 0.490100 0.869082
-1.000000 0.473725 0.856732
-1.000000 0.531042 0.852240
-1.000000 0.496584 0.728927
-1.000000 0.364488 0.915000
-1.000000 0.333513 0.980085
-1.000000 0.489129 0.943355
-1.000000 0.479150 1.048152
0.000000 0.336463 0.991213
-1.000000 0.356036 0.937243
-1.000000 0.343013 0.838128
-1.000000 0.239591 0.929962
0.000000 0.298552 1.018579
-1.000000 0.359609 1.090103
-1.000000 0.249876 0.981300
-1.000000 0.215605 1.018913
-1.000000 0.211006 1.034822
-1.000000 0.122102 1.008575
-1.000000 0.098190 0.930980
-1.000000 0.082467 0.983179
-1.000000 0.057582 1.175336
-1.000000 0.193454 0.993593
-1.000000 0.153541 1.058300
-1.000000 0.137796 0.953413
-1.000000 -0.005928 0.937917
-1.000000 0.055365 0.929551
0.000000 0.072608 1.003373
-1.000000 -0.029335 0.892947
-1.000000 0.070229 0.984195
0.000000 -0.033506 0.980281
-1.000000 -0.216319 1.097877
-1.000000 -0.132496 1.024044
-1.000000 0.025457 0.949951
-1.000000 -0.193096 0.942645
-1.000000 -0.058534 0.872447
0.000000 -0.102970 1.084880
-1.000000 -0.173699 1.089453
-1.000000 -0.227336 1.050695
-1.000000 -0.224125 0.882088
-1.000000 -0.147351 1.059654
-1.000000 -0.286563 1.104689
-1.000000 -0.424779 0.962417
-1.000000 -0.405862 0.933659
-1.000000 -0.259894 0.941057
-1.000000 -0.327787 1.003962
-1.000000 -0.480739 0.980347
-1.000000 -0.510432 0.836991
-1.000000 -0.362776 1.007929
0.000000 -0.473679 1.105953
-1.000000 -0.304645 0.801405
-1.000000 -0.481579 1.049062
-1.000000 -0.398632 0.950158
-1.000000 -0.355977 0.845359
-1.000000 -0.543975 0.777703
0.000000 -0.467646 0.912694
0.000000 -0.629707 0.753848
-1.000000 -0.561465 0.674052
-1.000000 -0.687841 0.887030
0.000000 -0.524556 0.771152
-1.000000 -0.635683 0.812368
-1.000000 -0.594023 0.991927
-1.000000 -0.657118 0.828471
-1.000000 -0.799159 0.710902
-1.000000 -0.771571 0.731161
0.000000 -0.780487 0.714649
0.000000 -0.655434 0.588049
-1.000000 -0.707659 0.533325
-1.000000 -0.696384 0.633829
0.000000 -0.887950 0.606672
-1.000000 -0.828016 0.532632
0.000000 -0.921710 0.617350
-1.000000 -0.955522 0.594548
-1.000000 -0.701387 0.588606
-1.000000 -0.783263 0.595356
-1.000000 -0.727535 0.532082
-1.000000 -0.889085 0.576406
-1.000000 -0.877040 0.523107
-1.000000 -0.847707 0.459643
-1.000000 -0.881041 0.404637
-1.000000 -0.855614 0.469008
-1.000000 -0.888986 0.521512
-1.000000 -1.048775 0.455804
-1.000000 -0.812110 0.292160
-1.000000 -0.839137 0.407100
-1.000000 -0.992051 0.404726
-1.000000 -1.011418 0.188239
-1.000000 -0.867613 0.403067
0.000000 -1.070832 0.394843
-1.000000 -0.920272 0.326927
-1.000000 -0.923655 0.445617
-1.000000 -0.982903 0.280622
-1.000000 -0.991949 0.169563
0.000000 -1.082267 0.161214
-1.000000 -1.011115 0.110496
-1.000000 -1.038943 0.220958
0.000000 -0.983065 0.133033
-1.000000 -0.991619 0.079794
-1.000000 -0.915059 0.048592
-1.000000 -1.047220 0.214106
-1.000000 -1.009933 0.029709
-1.000000 -1.061651 0.050158
-1.000000 -1.076881 -0.007632
-1.000000 0.101118 0.587811
-1.000000 -0.019838 0.484510
-1.000000 -0.036044 0.652242
1.000000 -0.097991 0.512044
-1.000000 0.066130 0.441604
-1.000000 0.232067 0.340332
-1.000000 0.040901 0.311242
-1.000000 -0.022675 0.218964
1.000000 0.101963 0.221605
-1.000000 0.066685 0.363807
-1.000000 -0.072307 0.339543
-1.000000 -0.039615 0.207254
-1.000000 -0.037603 0.202872
-1.000000 0.029576 0.226647
1.000000 0.027624 0.124116
-1.000000 0.171520 0.163480
-1.000000 0.028474 0.220052
-1.000000 0.078069 0.342189
-1.000000 0.063098 0.121043
1.000000 0.145876 0.167100
-1.000000 0.052126 -0.017703
-1.000000 0.091595 0.178677
-1.000000 0.242894 0.210510
-1.000000 0.162474 0.062590
-1.000000 0.134045 -0.101617
-1.000000 0.231751 -0.044756
-1.000000 0.111995 -0.030787
1.000000 0.200445 -0.137876
-1.000000 0.169504 -0.058024
-1.000000 0.208296 -0.068967
1.000000 0.198553 -0.119411
-1.000000 0.337689 -0.258996
-1.000000 0.195105 -0.102877
-1.000000 0.090920 -0.161816
-1.000000 0.208092 -0.065814
-1.000000 0.209274 -0.164283
1.000000 0.307874 -0.238348
-1.000000 0.295486 -0.058264
-1.000000 0.349504 -0.238161
-1.000000 0.303394 -0.188452
-1.000000 0.333468 -0.373007
-1.000000 0.325001 -0.295310
-1.000000 0.319011 -0.244144
-1.000000 0.395746 -0.254363
1.000000 0.495979 -0.300540
-1.000000 0.293993 -0.432785
-1.000000 0.473813 -0.337238
-1.000000 0.331157 -0.316382
1.000000 0.482207 -0.411478
-1.000000 0.596139 -0.261778
-1.000000 0.580040 -0.241808
-1.000000 0.445130 -0.451657
-1.000000 0.599912 -0.540615
-1.000000 0.594732 -0.358338
-1.000000 0.740319 -0.393652
-1.000000 0.530727 -0.486204
-1.000000 0.679490 -0.368206
-1.000000 0.663839 -0.447644
-1.000000 0.636475 -0.354783
1.000000 0.619718 -0.467947
-1.000000 0.744514 -0.470873
-1.000000 0.617337 -0.558167
-1.000000 0.817797 -0.492309
-1.000000 0.691991 -0.471354
-1.000000 0.751046 -0.416776
-1.000000 0.822491 -0.406214
-1.000000 0.629353 -0.456549
-1.000000 0.866805 -0.555764
-1.000000 0.826517 -0.442958
1.000000 0.950547 -0.539031
-1.000000 0.950512 -0.632621
-1.000000 0.989719 -0.694927
-1.000000 0.888436 -0.394097
-1.000000 1.063941 -0.524078
-1.000000 0.930994 -0.438011
-1.000000 0.924926 -0.530874
-1.000000 1.020593 -0.388637
1.000000 1.057089 -0.459992
-1.000000 1.013231 -0.578581
-1.000000 1.133636 -0.312197
-1.000000 1.260144 -0.528920
-1.000000 1.226378 -0.459031
1.000000 1.125249 -0.661075
-1.000000 1.161953 -0.424201
1.000000 1.171624 -0.374480
-1.000000 1.108933 -0.384861
1.000000 1.371240 -0.549619
-1.000000 1.311476 -0.480194
1.000000 1.246497 -0.343606
-1.000000 1.373170 -0.497600
-1.000000 1.345809 -0.538422
1.000000 1.226430 -0.445340
-1.000000 1.331784 -0.491234
-1.000000 1.376423 -0.487573
-1.000000 1.347214 -0.408359
-1.000000 1.519304 -0.408534
1.000000 1.193997 -0.316030
-1.000000 1.499080 -0.458598
-1.000000 1.536091 -0.443690
-1.000000 1.309943 -0.550403
-1.000000 1.522269 -0.439532
-1.000000 1.508033 -0.421127
-1.000000 1.722002 -0.264577
-1.000000 1.525663 -0.315568
-1.000000 1.587355 -0.198493
-1.000000 1.612131 -0.325651
-1.000000 1.612840 -0.414212
1.000000 1.645695 -0.225111
-1.000000 1.561720 -0.213234
-1.000000 1.618028 -0.257487
-1.000000 1.696279 -0.147762
-1.000000 1.652694 -0.255408
-1.000000 1.670200 -0.102209
1.000000 1.672520 -0.222751
-1.000000 1.730823 -0.195814
-1.000000 1.814839 -0.038999
-1.000000 1.668293 -0.096365
-1.000000 1.893426 -0.167818
-1.000000 1.668197 -0.152586
-1.000000 1.817175 0.090240
-1.000000 1.643441 -0.160052
-1.000000 1.754543 0.084266
-1.000000 1.816696 0.109806
-1.000000 1.913628 -0.120938
-1.000000 1.745905 0.056387
-1.000000 1.955121 0.052773
-1.000000 1.936816 0.112769
-1.000000 1.886552 0.053589
-1.000000 1.809634 0.181418
-1.000000 1.995846 0.264808
-1.000000 1.987601 0.197197
-1.000000 1.919564 0.178392
-1.000000 1.964341 0.154022
-1.000000 1.783514 0.134987
-1.000000 2.098283 0.303139
1.000000 2.009487 0.329013
-1.000000 1.918106 0.211989
-1.000000 2.003330 0.238609
1.000000 1.962230 0.220086
-1.000000 1.979265 0.328157
-1.000000 1.858202 0.360598
-1.000000 2.037461 0.434826
-1.000000 2.100852 0.359921
-1.000000 2.026890 0.427435
-1.000000 1.975876 0.288907
-1.000000 2.066918 0.499679
1.000000 2.123997 0.406172
1.000000 2.069848 0.465687
-1.000000 2.080750 0.588850
1.000000 2.006351 0.523759
